283
396
972
973
984
985
996
997
1005
1006
1019
1020
1027
1028
1039
1040
1041
1042
1055
1056
1058
1059
1082
1083
1090
1091
1114
1115
1119
1120
1127
1128
1141
1142
1159
1160
1165
1166
1169
1170
1173
1174
1180
1181
1188
1189
2314
2315
2460
2461
2477
2542
2543
2574
2575
2588
2589
2590
2591
2606
2607
2608
2609
2697
2698
2751
2752
2797
2798
2820
2821
2826
2827
2844
2845
2949
2950
2958
2959
2966
2967
3004
3005
3012
3013
3016
3017
3044
3045
3086
3087
3114
3115
3196
3197
3242
3243
3269
3270
3284
3285
3294
3295
3335
3336
3403
3404
3420
3421
3424
3425
3468
3469
3505
3506
