13
64
65
106
107
108
109
110
111
112
113
114
204
205
213
214
215
216
217
218
219
220
221
222
223
224
225
226
227
228
229
230
231
304
305
306
307
308
390
556
557
558
567
568
569
570
589
590
622
623
699
755
836
972
973
974
975
999
1000
1066
1067
1127
1128
1129
1130
1131
1132
1215
1216
1221
1222
1232
1233
1234
1235
1286
1519
1520
1521
1522
1615
1616
1655
1656
1677
1678
1679
1680
1699
1700
1751
1752
1934
1935
1958
1959
2554
2555
2626
2627
2671
2672
2683
2684
2703
2704
2741
2742
2791
2792
2804
2805
2806
2807
2874
2875
2890
2891
2924
2925
2949
2950
2970
2971
2978
2979
3016
3017
3099
3100
3158
3159
3168
3169
3206
3207
3282
3283
3298
3299
3300
3301
3324
3325
3428
3429
3440
3441
3454
3455
3485
3486
