5
13
20
30
59
60
67
68
79
80
83
84
85
86
95
96
103
104
113
114
115
116
117
118
138
150
151
163
300
301
302
303
309
316
329
395
466
560
561
693
743
767
838
839
840
841
1072
1160
1277
1278
1329
1330
1405
1406
1571
1599
1600
1601
1602
1726
1747
1759
1763
1764
1868
1869
1870
1871
1872
1873
1928
1943
1999
2052
2053
2199
2323
2437
2438
2439
2440
2470
2471
2727
2728
2819
2820
2823
2824
2936
2949
2950
2951
2952
2953
2954
2979
2980
2996
2997
3156
3531
3532
3638
3639
3664
3676
3712
3743
3811
3812
4000
4043
4044
4045
4046
4047
4082
4097
4098
4099
4119
4153
4792
4799
4800
4801
4802
4803
4804
4805
4806
4807
4810
4811
4814
4815
4816
4817
4818
4819
4820
4821
4822
4831
4832
4833
4834
4835
4836
4837
4838
4847
4848
4849
4850
4851
4852
4853
4854
4855
4856
4858
4859
4860
4862
4863
4864
4865
4866
4867
4868
4869
4870
4872
4876
4879
4880
4881
4882
4883
4884
4885
4886
4893
4894
4895
4896
4897
4898
4899
4900
4951
4952
4953
4954
4957
4958
4977
4978
4979
4980
4981
4982
5151
5152
5155
5156
5159
5160
5163
5167
5168
5171
5172
5199
5200
5203
5204
5207
5208
5209
5210
5211
5212
5235
5236
5241
5242
5243
5244
5247
5248
5251
5252
5255
5256
5259
5263
5264
5267
5268
5295
5296
5299
5300
5303
5304
5305
5306
5307
5308
5331
5332
5337
5338
5339
5340
5361
5362
5363
5364
5374
5382
