41
149
150
151
152
153
154
156
157
177
178
262
263
264
265
274
275
276
288
289
290
291
292
293
294
298
299
300
301
302
303
304
357
358
361
362
370
371
376
377
483
507
508
511
512
574
653
878
879
922
923
951
966
1013
1133
1134
1135
1136
1137
1138
1139
1219
1220
1221
1222
1224
1225
1226
1227
1228
1229
1243
1279
1280
1281
1295
1300
1310
1317
1318
1322
1414
1474
1479
1482
1483
1488
1501
1552
1553
2017
2018
2033
2034
2035
2036
2037
2038
2039
2040
2041
2042
2043
2044
2045
2046
2047
2048
2049
2050
2051
2052
2053
2054
2055
2056
2057
2058
2059
2060
2061
2062
2063
2064
2065
2066
2067
2068
2069
2070
2071
2072
2073
2074
2075
2076
2077
2078
2079
2080
2081
2082
2083
2084
2085
2086
2087
2088
2089
2090
2091
2092
2093
2094
2095
2096
2097
2098
2099
2100
2190
2257
2277
2305
2317
2380
2405
2550
2560
2604
2664
2898
2899
3162
3163
3194
3218
3274
3275
3348
3355
3364
3397
3398
3416
3486
3487
3488
3583
3584
3591
3592
3595
3611
3612
3627
3645
3647
3659
3660
3698
3699
3700
3719
3899
3900
3901
3902
3903
3904
3923
3924
3966
4058
4116
4464
4475
4476
4478
4487
4505
4514
4515
4516
4517
4518
4519
4520
4526
4540
4541
4542
4549
4748
4749
4750
4966
4988
5033
