49
50
51
52
69
70
71
72
73
74
81
82
101
102
134
166
258
259
260
294
295
298
299
305
327
329
338
339
429
430
617
674
694
695
696
697
698
699
700
701
733
734
735
777
778
794
806
814
815
985
986
1001
1002
1008
1041
1042
1043
1160
1161
1162
1306
1307
1419
1420
1421
1422
1423
1424
1425
1426
1427
1463
1464
1465
1466
1474
1475
1476
1477
1478
1479
1480
1484
1485
1486
1487
1488
1680
1681
1770
1771
1772
1797
1798
1799
1837
1838
1839
1929
1930
1954
1955
2000
2001
2087
2088
2089
2090
2458
2459
2460
2467
2468
2469
2472
2473
2474
2475
2476
2477
2554
2555
2556
2557
2558
2559
2560
2561
2578
2579
2645
2717
2718
2776
2883
2884
2885
2886
2922
2923
2924
2955
2959
2960
2983
3106
3107
3108
3109
3110
3111
3140
3376
3453
3454
3517
3518
3611
3612
3675
3676
3677
3723
3724
3950
3951
3952
3953
3954
3955
4003
4034
4054
4064
4065
4066
4067
4076
4095
4096
4103
5067
5068
5069
5070
5085
5086
5087
5088
5103
5104
5161
5162
5163
5164
5169
5170
5257
5258
5259
5260
5265
5266
