17
277
278
279
441
449
450
451
473
474
475
509
510
624
627
628
629
888
889
907
908
937
938
980
981
1006
1007
1008
1314
1323
1502
1506
1507
1508
1511
1520
1521
1522
1523
1524
1525
1526
1527
1528
1529
1530
1531
1542
1543
1544
1545
1623
1624
1625
1626
1627
1628
1771
1772
1776
1777
1780
1781
1782
1803
1804
1805
1817
1818
1819
1820
1821
1822
2004
2005
2315
2316
2318
2319
2320
2321
2393
2394
2571
2607
2608
2609
2610
2611
2612
2613
2614
2615
2616
2617
2618
2619
2620
2621
2622
2808
2809
2891
2892
2935
2949
2977
2978
2979
2980
2981
2982
2983
3143
3144
3145
3146
3166
3167
3260
3270
3273
3320
3321
3322
3408
3429
3468
3469
3470
3471
3472
3473
3489
3492
3493
3495
3557
3558
3587
3589
3602
3603
3623
3624
3625
3626
3628
3715
3727
3728
3729
3821
3822
3851
3881
3882
3889
3928
3939
3940
3941
3942
3943
4066
4067
4086
4500
4501
4502
4503
4504
4506
4507
4508
4509
4510
4511
4512
4513
4691
4692
4693
4694
4785
4786
4787
4862
4863
4864
4865
4866
4867
4868
5020
5021
5120
5121
5122
5123
5124
5133
