5140
10
2023
4869
157
156
5131
859
918
1473
442
55
56
57
3415
391
738
737
830
831
832
833
4737
4736
4706
2867
2868
1010
316
3409
484
1853
1852
1851
1854
888
889
1782
1780
1781
410
3595
3416
1322
483
891
890
812
791
799
775
783
774
4
5
6
754
999
4906
4907
60
61
837
821
990
989
4928
4927
3685
3686
3932
3931
2965
2963
2966
2964
680
655
4661
4662
2019
2021
748
746
747
4999
5000
5001
2968
2969
2274
2276
3314
3313
3315
2855
2857
2856
540
537
538
3446
3444
3967
3968
2413
2435
2418
2419
4001
3999
14
13
311
197
3238
3237
1846
1845
1526
1528
1524
4109
4107
1624
1625
4457
4455
3129
3128
3130
4418
4419
5052
5054
3019
3037
2735
2736
2743
2793
2803
4702
4701
4703
2649
2648
2655
2626
2672
2654
2561
2562
2563
2560
2666
2640
2668
3575
3574
2240
2216
2213
2939
2937
2940
2938
4433
4432
3031
3030
3029
5142
5141
711
709
710
2219
2248
2217
2170
1058
1057
4976
4978
4968
2539
2540
20
22
43
21
474
473
475
4172
4169
3350
3352
3235
3234
1958
1957
4220
2865
2864
2866
4713
4712
2250
2175
4234
4233
3182
3184
3241
3243
4338
4337
4446
4447
501
499
2620
2621
5064
5061
2779
2778
3831
384
1415
1412
2149
2150
3501
3502
3547
3549
4014
4015
295
296
4239
4242
3108
3109
4093
4087
4083
4069
670
669
4397
4396
4685
4690
1868
1866
963
964
3374
3373
3372
5035
5036
2316
2315
4251
4232
225
223
222
3383
3382
3384
664
662
667
4104
4103
1517
1496
1534
1533
1535
1541
1540
2485
2455
4495
4497
4499
2205
2255
1902
1894
3970
3971
2027
2025
4596
4601
4567
4569
4578
4581
4829
4827
1176
1177
4812
4811
4805
4808
4797
4800
4839
4840
1578
1577
1572
1571
1433
1434
3784
3782
3776
3775
3769
3768
107
106
102
103
132
133
128
127
3745
3744
118
123
4964
4965
